---------------
5 1 5 
8 5 1 
7 1 6 
---------------
1
---------------
5 1 5 
8 5 1 
7 2 6 
---------------
2
---------------
5 1 5 
8 5 1 
7 3 6 
---------------
3
---------------
5 1 5 
8 5 1 
7 4 6 
---------------
4
---------------
5 1 5 
8 5 2 
7 1 6 
---------------
5
---------------
5 1 5 
8 5 2 
7 2 6 
---------------
6
---------------
5 1 5 
8 5 2 
7 3 6 
---------------
7
---------------
5 1 5 
8 5 2 
7 4 6 
---------------
8
---------------
5 1 5 
8 5 3 
7 1 6 
---------------
9
---------------
5 1 5 
8 5 3 
7 2 6 
---------------
10
---------------
5 1 5 
8 5 3 
7 3 6 
---------------
11
---------------
5 1 5 
8 5 3 
7 4 6 
---------------
12
---------------
5 1 5 
8 5 4 
7 1 6 
---------------
13
---------------
5 1 5 
8 5 4 
7 2 6 
---------------
14
---------------
5 1 5 
8 5 4 
7 3 6 
---------------
15
---------------
5 1 5 
8 5 4 
7 4 6 
---------------
16
---------------
5 1 5 
8 6 1 
7 1 6 
---------------
17
---------------
5 1 5 
8 6 1 
7 2 6 
---------------
18
---------------
5 1 5 
8 6 1 
7 3 6 
---------------
19
---------------
5 1 5 
8 6 1 
7 4 6 
---------------
20
---------------
5 1 5 
8 6 2 
7 1 6 
---------------
21
---------------
5 1 5 
8 6 2 
7 2 6 
---------------
22
---------------
5 1 5 
8 6 2 
7 3 6 
---------------
23
---------------
5 1 5 
8 6 2 
7 4 6 
---------------
24
---------------
5 1 5 
8 6 3 
7 1 6 
---------------
25
---------------
5 1 5 
8 6 3 
7 2 6 
---------------
26
---------------
5 1 5 
8 6 3 
7 3 6 
---------------
27
---------------
5 1 5 
8 6 3 
7 4 6 
---------------
28
---------------
5 1 5 
8 6 4 
7 1 6 
---------------
29
---------------
5 1 5 
8 6 4 
7 2 6 
---------------
30
---------------
5 1 5 
8 6 4 
7 3 6 
---------------
31
---------------
5 1 5 
8 6 4 
7 4 6 
---------------
32
---------------
5 1 6 
8 5 1 
7 1 6 
---------------
33
---------------
5 1 6 
8 5 1 
7 2 6 
---------------
34
---------------
5 1 6 
8 5 1 
7 3 6 
---------------
35
---------------
5 1 6 
8 5 1 
7 4 6 
---------------
36
---------------
5 1 6 
8 5 2 
7 1 6 
---------------
37
---------------
5 1 6 
8 5 2 
7 2 6 
---------------
38
---------------
5 1 6 
8 5 2 
7 3 6 
---------------
39
---------------
5 1 6 
8 5 2 
7 4 6 
---------------
40
---------------
5 1 6 
8 5 3 
7 1 6 
---------------
41
---------------
5 1 6 
8 5 3 
7 2 6 
---------------
42
---------------
5 1 6 
8 5 3 
7 3 6 
---------------
43
---------------
5 1 6 
8 5 3 
7 4 6 
---------------
44
---------------
5 1 6 
8 5 4 
7 1 6 
---------------
45
---------------
5 1 6 
8 5 4 
7 2 6 
---------------
46
---------------
5 1 6 
8 5 4 
7 3 6 
---------------
47
---------------
5 1 6 
8 5 4 
7 4 6 
---------------
48
---------------
5 1 6 
8 6 1 
7 1 6 
---------------
49
---------------
5 1 6 
8 6 1 
7 2 6 
---------------
50
---------------
5 1 6 
8 6 1 
7 3 6 
---------------
51
---------------
5 1 6 
8 6 1 
7 4 6 
---------------
52
---------------
5 1 6 
8 6 2 
7 1 6 
---------------
53
---------------
5 1 6 
8 6 2 
7 2 6 
---------------
54
---------------
5 1 6 
8 6 2 
7 3 6 
---------------
55
---------------
5 1 6 
8 6 2 
7 4 6 
---------------
56
---------------
5 1 6 
8 6 3 
7 1 6 
---------------
57
---------------
5 1 6 
8 6 3 
7 2 6 
---------------
58
---------------
5 1 6 
8 6 3 
7 3 6 
---------------
59
---------------
5 1 6 
8 6 3 
7 4 6 
---------------
60
---------------
5 1 6 
8 6 4 
7 1 6 
---------------
61
---------------
5 1 6 
8 6 4 
7 2 6 
---------------
62
---------------
5 1 6 
8 6 4 
7 3 6 
---------------
63
---------------
5 1 6 
8 6 4 
7 4 6 
---------------
64
---------------
5 2 5 
8 5 1 
7 1 6 
---------------
65
---------------
5 2 5 
8 5 1 
7 2 6 
---------------
66
---------------
5 2 5 
8 5 1 
7 3 6 
---------------
67
---------------
5 2 5 
8 5 1 
7 4 6 
---------------
68
---------------
5 2 5 
8 5 2 
7 1 6 
---------------
69
---------------
5 2 5 
8 5 2 
7 2 6 
---------------
70
---------------
5 2 5 
8 5 2 
7 3 6 
---------------
71
---------------
5 2 5 
8 5 2 
7 4 6 
---------------
72
---------------
5 2 5 
8 5 3 
7 1 6 
---------------
73
---------------
5 2 5 
8 5 3 
7 2 6 
---------------
74
---------------
5 2 5 
8 5 3 
7 3 6 
---------------
75
---------------
5 2 5 
8 5 3 
7 4 6 
---------------
76
---------------
5 2 5 
8 5 4 
7 1 6 
---------------
77
---------------
5 2 5 
8 5 4 
7 2 6 
---------------
78
---------------
5 2 5 
8 5 4 
7 3 6 
---------------
79
---------------
5 2 5 
8 5 4 
7 4 6 
---------------
80
---------------
5 2 5 
8 6 1 
7 1 6 
---------------
81
---------------
5 2 5 
8 6 1 
7 2 6 
---------------
82
---------------
5 2 5 
8 6 1 
7 3 6 
---------------
83
---------------
5 2 5 
8 6 1 
7 4 6 
---------------
84
---------------
5 2 5 
8 6 2 
7 1 6 
---------------
85
---------------
5 2 5 
8 6 2 
7 2 6 
---------------
86
---------------
5 2 5 
8 6 2 
7 3 6 
---------------
87
---------------
5 2 5 
8 6 2 
7 4 6 
---------------
88
---------------
5 2 5 
8 6 3 
7 1 6 
---------------
89
---------------
5 2 5 
8 6 3 
7 2 6 
---------------
90
---------------
5 2 5 
8 6 3 
7 3 6 
---------------
91
---------------
5 2 5 
8 6 3 
7 4 6 
---------------
92
---------------
5 2 5 
8 6 4 
7 1 6 
---------------
93
---------------
5 2 5 
8 6 4 
7 2 6 
---------------
94
---------------
5 2 5 
8 6 4 
7 3 6 
---------------
95
---------------
5 2 5 
8 6 4 
7 4 6 
---------------
96
---------------
5 2 6 
8 5 1 
7 1 6 
---------------
97
---------------
5 2 6 
8 5 1 
7 2 6 
---------------
98
---------------
5 2 6 
8 5 1 
7 3 6 
---------------
99
---------------
5 2 6 
8 5 1 
7 4 6 
---------------
100
---------------
5 2 6 
8 5 2 
7 1 6 
---------------
101
---------------
5 2 6 
8 5 2 
7 2 6 
---------------
102
---------------
5 2 6 
8 5 2 
7 3 6 
---------------
103
---------------
5 2 6 
8 5 2 
7 4 6 
---------------
104
---------------
5 2 6 
8 5 3 
7 1 6 
---------------
105
---------------
5 2 6 
8 5 3 
7 2 6 
---------------
106
---------------
5 2 6 
8 5 3 
7 3 6 
---------------
107
---------------
5 2 6 
8 5 3 
7 4 6 
---------------
108
---------------
5 2 6 
8 5 4 
7 1 6 
---------------
109
---------------
5 2 6 
8 5 4 
7 2 6 
---------------
110
---------------
5 2 6 
8 5 4 
7 3 6 
---------------
111
---------------
5 2 6 
8 5 4 
7 4 6 
---------------
112
---------------
5 2 6 
8 6 1 
7 1 6 
---------------
113
---------------
5 2 6 
8 6 1 
7 2 6 
---------------
114
---------------
5 2 6 
8 6 1 
7 3 6 
---------------
115
---------------
5 2 6 
8 6 1 
7 4 6 
---------------
116
---------------
5 2 6 
8 6 2 
7 1 6 
---------------
117
---------------
5 2 6 
8 6 2 
7 2 6 
---------------
118
---------------
5 2 6 
8 6 2 
7 3 6 
---------------
119
---------------
5 2 6 
8 6 2 
7 4 6 
---------------
120
---------------
5 2 6 
8 6 3 
7 1 6 
---------------
121
---------------
5 2 6 
8 6 3 
7 2 6 
---------------
122
---------------
5 2 6 
8 6 3 
7 3 6 
---------------
123
---------------
5 2 6 
8 6 3 
7 4 6 
---------------
124
---------------
5 2 6 
8 6 4 
7 1 6 
---------------
125
---------------
5 2 6 
8 6 4 
7 2 6 
---------------
126
---------------
5 2 6 
8 6 4 
7 3 6 
---------------
127
---------------
5 2 6 
8 6 4 
7 4 6 
---------------
128
---------------
5 3 5 
8 5 1 
7 1 6 
---------------
129
---------------
5 3 5 
8 5 1 
7 2 6 
---------------
130
---------------
5 3 5 
8 5 1 
7 3 6 
---------------
131
---------------
5 3 5 
8 5 1 
7 4 6 
---------------
132
---------------
5 3 5 
8 5 2 
7 1 6 
---------------
133
---------------
5 3 5 
8 5 2 
7 2 6 
---------------
134
---------------
5 3 5 
8 5 2 
7 3 6 
---------------
135
---------------
5 3 5 
8 5 2 
7 4 6 
---------------
136
---------------
5 3 5 
8 5 3 
7 1 6 
---------------
137
---------------
5 3 5 
8 5 3 
7 2 6 
---------------
138
---------------
5 3 5 
8 5 3 
7 3 6 
---------------
139
---------------
5 3 5 
8 5 3 
7 4 6 
---------------
140
---------------
5 3 5 
8 5 4 
7 1 6 
---------------
141
---------------
5 3 5 
8 5 4 
7 2 6 
---------------
142
---------------
5 3 5 
8 5 4 
7 3 6 
---------------
143
---------------
5 3 5 
8 5 4 
7 4 6 
---------------
144
---------------
5 3 5 
8 6 1 
7 1 6 
---------------
145
---------------
5 3 5 
8 6 1 
7 2 6 
---------------
146
---------------
5 3 5 
8 6 1 
7 3 6 
---------------
147
---------------
5 3 5 
8 6 1 
7 4 6 
---------------
148
---------------
5 3 5 
8 6 2 
7 1 6 
---------------
149
---------------
5 3 5 
8 6 2 
7 2 6 
---------------
150
---------------
5 3 5 
8 6 2 
7 3 6 
---------------
151
---------------
5 3 5 
8 6 2 
7 4 6 
---------------
152
---------------
5 3 5 
8 6 3 
7 1 6 
---------------
153
---------------
5 3 5 
8 6 3 
7 2 6 
---------------
154
---------------
5 3 5 
8 6 3 
7 3 6 
---------------
155
---------------
5 3 5 
8 6 3 
7 4 6 
---------------
156
---------------
5 3 5 
8 6 4 
7 1 6 
---------------
157
---------------
5 3 5 
8 6 4 
7 2 6 
---------------
158
---------------
5 3 5 
8 6 4 
7 3 6 
---------------
159
---------------
5 3 5 
8 6 4 
7 4 6 
---------------
160
---------------
5 3 6 
8 5 1 
7 1 6 
---------------
161
---------------
5 3 6 
8 5 1 
7 2 6 
---------------
162
---------------
5 3 6 
8 5 1 
7 3 6 
---------------
163
---------------
5 3 6 
8 5 1 
7 4 6 
---------------
164
---------------
5 3 6 
8 5 2 
7 1 6 
---------------
165
---------------
5 3 6 
8 5 2 
7 2 6 
---------------
166
---------------
5 3 6 
8 5 2 
7 3 6 
---------------
167
---------------
5 3 6 
8 5 2 
7 4 6 
---------------
168
---------------
5 3 6 
8 5 3 
7 1 6 
---------------
169
---------------
5 3 6 
8 5 3 
7 2 6 
---------------
170
---------------
5 3 6 
8 5 3 
7 3 6 
---------------
171
---------------
5 3 6 
8 5 3 
7 4 6 
---------------
172
---------------
5 3 6 
8 5 4 
7 1 6 
---------------
173
---------------
5 3 6 
8 5 4 
7 2 6 
---------------
174
---------------
5 3 6 
8 5 4 
7 3 6 
---------------
175
---------------
5 3 6 
8 5 4 
7 4 6 
---------------
176
---------------
5 3 6 
8 6 1 
7 1 6 
---------------
177
---------------
5 3 6 
8 6 1 
7 2 6 
---------------
178
---------------
5 3 6 
8 6 1 
7 3 6 
---------------
179
---------------
5 3 6 
8 6 1 
7 4 6 
---------------
180
---------------
5 3 6 
8 6 2 
7 1 6 
---------------
181
---------------
5 3 6 
8 6 2 
7 2 6 
---------------
182
---------------
5 3 6 
8 6 2 
7 3 6 
---------------
183
---------------
5 3 6 
8 6 2 
7 4 6 
---------------
184
---------------
5 3 6 
8 6 3 
7 1 6 
---------------
185
---------------
5 3 6 
8 6 3 
7 2 6 
---------------
186
---------------
5 3 6 
8 6 3 
7 3 6 
---------------
187
---------------
5 3 6 
8 6 3 
7 4 6 
---------------
188
---------------
5 3 6 
8 6 4 
7 1 6 
---------------
189
---------------
5 3 6 
8 6 4 
7 2 6 
---------------
190
---------------
5 3 6 
8 6 4 
7 3 6 
---------------
191
---------------
5 3 6 
8 6 4 
7 4 6 
---------------
192
---------------
5 4 5 
8 5 1 
7 1 6 
---------------
193
---------------
5 4 5 
8 5 1 
7 2 6 
---------------
194
---------------
5 4 5 
8 5 1 
7 3 6 
---------------
195
---------------
5 4 5 
8 5 1 
7 4 6 
---------------
196
---------------
5 4 5 
8 5 2 
7 1 6 
---------------
197
---------------
5 4 5 
8 5 2 
7 2 6 
---------------
198
---------------
5 4 5 
8 5 2 
7 3 6 
---------------
199
---------------
5 4 5 
8 5 2 
7 4 6 
---------------
200
---------------
5 4 5 
8 5 3 
7 1 6 
---------------
201
---------------
5 4 5 
8 5 3 
7 2 6 
---------------
202
---------------
5 4 5 
8 5 3 
7 3 6 
---------------
203
---------------
5 4 5 
8 5 3 
7 4 6 
---------------
204
---------------
5 4 5 
8 5 4 
7 1 6 
---------------
205
---------------
5 4 5 
8 5 4 
7 2 6 
---------------
206
---------------
5 4 5 
8 5 4 
7 3 6 
---------------
207
---------------
5 4 5 
8 5 4 
7 4 6 
---------------
208
---------------
5 4 5 
8 6 1 
7 1 6 
---------------
209
---------------
5 4 5 
8 6 1 
7 2 6 
---------------
210
---------------
5 4 5 
8 6 1 
7 3 6 
---------------
211
---------------
5 4 5 
8 6 1 
7 4 6 
---------------
212
---------------
5 4 5 
8 6 2 
7 1 6 
---------------
213
---------------
5 4 5 
8 6 2 
7 2 6 
---------------
214
---------------
5 4 5 
8 6 2 
7 3 6 
---------------
215
---------------
5 4 5 
8 6 2 
7 4 6 
---------------
216
---------------
5 4 5 
8 6 3 
7 1 6 
---------------
217
---------------
5 4 5 
8 6 3 
7 2 6 
---------------
218
---------------
5 4 5 
8 6 3 
7 3 6 
---------------
219
---------------
5 4 5 
8 6 3 
7 4 6 
---------------
220
---------------
5 4 5 
8 6 4 
7 1 6 
---------------
221
---------------
5 4 5 
8 6 4 
7 2 6 
---------------
222
---------------
5 4 5 
8 6 4 
7 3 6 
---------------
223
---------------
5 4 5 
8 6 4 
7 4 6 
---------------
224
---------------
5 4 6 
8 5 1 
7 1 6 
---------------
225
---------------
5 4 6 
8 5 1 
7 2 6 
---------------
226
---------------
5 4 6 
8 5 1 
7 3 6 
---------------
227
---------------
5 4 6 
8 5 1 
7 4 6 
---------------
228
---------------
5 4 6 
8 5 2 
7 1 6 
---------------
229
---------------
5 4 6 
8 5 2 
7 2 6 
---------------
230
---------------
5 4 6 
8 5 2 
7 3 6 
---------------
231
---------------
5 4 6 
8 5 2 
7 4 6 
---------------
232
---------------
5 4 6 
8 5 3 
7 1 6 
---------------
233
---------------
5 4 6 
8 5 3 
7 2 6 
---------------
234
---------------
5 4 6 
8 5 3 
7 3 6 
---------------
235
---------------
5 4 6 
8 5 3 
7 4 6 
---------------
236
---------------
5 4 6 
8 5 4 
7 1 6 
---------------
237
---------------
5 4 6 
8 5 4 
7 2 6 
---------------
238
---------------
5 4 6 
8 5 4 
7 3 6 
---------------
239
---------------
5 4 6 
8 5 4 
7 4 6 
---------------
240
---------------
5 4 6 
8 6 1 
7 1 6 
---------------
241
---------------
5 4 6 
8 6 1 
7 2 6 
---------------
242
---------------
5 4 6 
8 6 1 
7 3 6 
---------------
243
---------------
5 4 6 
8 6 1 
7 4 6 
---------------
244
---------------
5 4 6 
8 6 2 
7 1 6 
---------------
245
---------------
5 4 6 
8 6 2 
7 2 6 
---------------
246
---------------
5 4 6 
8 6 2 
7 3 6 
---------------
247
---------------
5 4 6 
8 6 2 
7 4 6 
---------------
248
---------------
5 4 6 
8 6 3 
7 1 6 
---------------
249
---------------
5 4 6 
8 6 3 
7 2 6 
---------------
250
---------------
5 4 6 
8 6 3 
7 3 6 
---------------
251
---------------
5 4 6 
8 6 3 
7 4 6 
---------------
252
---------------
5 4 6 
8 6 4 
7 1 6 
---------------
253
---------------
5 4 6 
8 6 4 
7 2 6 
---------------
254
---------------
5 4 6 
8 6 4 
7 3 6 
---------------
255
---------------
5 4 6 
8 6 4 
7 4 6 
---------------
256
---------------
6 1 5 
8 5 1 
7 1 6 
---------------
257
---------------
6 1 5 
8 5 1 
7 2 6 
---------------
258
---------------
6 1 5 
8 5 1 
7 3 6 
---------------
259
---------------
6 1 5 
8 5 1 
7 4 6 
---------------
260
---------------
6 1 5 
8 5 2 
7 1 6 
---------------
261
---------------
6 1 5 
8 5 2 
7 2 6 
---------------
262
---------------
6 1 5 
8 5 2 
7 3 6 
---------------
263
---------------
6 1 5 
8 5 2 
7 4 6 
---------------
264
---------------
6 1 5 
8 5 3 
7 1 6 
---------------
265
---------------
6 1 5 
8 5 3 
7 2 6 
---------------
266
---------------
6 1 5 
8 5 3 
7 3 6 
---------------
267
---------------
6 1 5 
8 5 3 
7 4 6 
---------------
268
---------------
6 1 5 
8 5 4 
7 1 6 
---------------
269
---------------
6 1 5 
8 5 4 
7 2 6 
---------------
270
---------------
6 1 5 
8 5 4 
7 3 6 
---------------
271
---------------
6 1 5 
8 5 4 
7 4 6 
---------------
272
---------------
6 1 5 
8 6 1 
7 1 6 
---------------
273
---------------
6 1 5 
8 6 1 
7 2 6 
---------------
274
---------------
6 1 5 
8 6 1 
7 3 6 
---------------
275
---------------
6 1 5 
8 6 1 
7 4 6 
---------------
276
---------------
6 1 5 
8 6 2 
7 1 6 
---------------
277
---------------
6 1 5 
8 6 2 
7 2 6 
---------------
278
---------------
6 1 5 
8 6 2 
7 3 6 
---------------
279
---------------
6 1 5 
8 6 2 
7 4 6 
---------------
280
---------------
6 1 5 
8 6 3 
7 1 6 
---------------
281
---------------
6 1 5 
8 6 3 
7 2 6 
---------------
282
---------------
6 1 5 
8 6 3 
7 3 6 
---------------
283
---------------
6 1 5 
8 6 3 
7 4 6 
---------------
284
---------------
6 1 5 
8 6 4 
7 1 6 
---------------
285
---------------
6 1 5 
8 6 4 
7 2 6 
---------------
286
---------------
6 1 5 
8 6 4 
7 3 6 
---------------
287
---------------
6 1 5 
8 6 4 
7 4 6 
---------------
288
---------------
6 1 6 
8 5 1 
7 1 6 
---------------
289
---------------
6 1 6 
8 5 1 
7 2 6 
---------------
290
---------------
6 1 6 
8 5 1 
7 3 6 
---------------
291
---------------
6 1 6 
8 5 1 
7 4 6 
---------------
292
---------------
6 1 6 
8 5 2 
7 1 6 
---------------
293
---------------
6 1 6 
8 5 2 
7 2 6 
---------------
294
---------------
6 1 6 
8 5 2 
7 3 6 
---------------
295
---------------
6 1 6 
8 5 2 
7 4 6 
---------------
296
---------------
6 1 6 
8 5 3 
7 1 6 
---------------
297
---------------
6 1 6 
8 5 3 
7 2 6 
---------------
298
---------------
6 1 6 
8 5 3 
7 3 6 
---------------
299
---------------
6 1 6 
8 5 3 
7 4 6 
---------------
300
---------------
6 1 6 
8 5 4 
7 1 6 
---------------
301
---------------
6 1 6 
8 5 4 
7 2 6 
---------------
302
---------------
6 1 6 
8 5 4 
7 3 6 
---------------
303
---------------
6 1 6 
8 5 4 
7 4 6 
---------------
304
---------------
6 1 6 
8 6 1 
7 1 6 
---------------
305
---------------
6 1 6 
8 6 1 
7 2 6 
---------------
306
---------------
6 1 6 
8 6 1 
7 3 6 
---------------
307
---------------
6 1 6 
8 6 1 
7 4 6 
---------------
308
---------------
6 1 6 
8 6 2 
7 1 6 
---------------
309
---------------
6 1 6 
8 6 2 
7 2 6 
---------------
310
---------------
6 1 6 
8 6 2 
7 3 6 
---------------
311
---------------
6 1 6 
8 6 2 
7 4 6 
---------------
312
---------------
6 1 6 
8 6 3 
7 1 6 
---------------
313
---------------
6 1 6 
8 6 3 
7 2 6 
---------------
314
---------------
6 1 6 
8 6 3 
7 3 6 
---------------
315
---------------
6 1 6 
8 6 3 
7 4 6 
---------------
316
---------------
6 1 6 
8 6 4 
7 1 6 
---------------
317
---------------
6 1 6 
8 6 4 
7 2 6 
---------------
318
---------------
6 1 6 
8 6 4 
7 3 6 
---------------
319
---------------
6 1 6 
8 6 4 
7 4 6 
---------------
320
---------------
6 2 5 
8 5 1 
7 1 6 
---------------
321
---------------
6 2 5 
8 5 1 
7 2 6 
---------------
322
---------------
6 2 5 
8 5 1 
7 3 6 
---------------
323
---------------
6 2 5 
8 5 1 
7 4 6 
---------------
324
---------------
6 2 5 
8 5 2 
7 1 6 
---------------
325
---------------
6 2 5 
8 5 2 
7 2 6 
---------------
326
---------------
6 2 5 
8 5 2 
7 3 6 
---------------
327
---------------
6 2 5 
8 5 2 
7 4 6 
---------------
328
---------------
6 2 5 
8 5 3 
7 1 6 
---------------
329
---------------
6 2 5 
8 5 3 
7 2 6 
---------------
330
---------------
6 2 5 
8 5 3 
7 3 6 
---------------
331
---------------
6 2 5 
8 5 3 
7 4 6 
---------------
332
---------------
6 2 5 
8 5 4 
7 1 6 
---------------
333
---------------
6 2 5 
8 5 4 
7 2 6 
---------------
334
---------------
6 2 5 
8 5 4 
7 3 6 
---------------
335
---------------
6 2 5 
8 5 4 
7 4 6 
---------------
336
---------------
6 2 5 
8 6 1 
7 1 6 
---------------
337
---------------
6 2 5 
8 6 1 
7 2 6 
---------------
338
---------------
6 2 5 
8 6 1 
7 3 6 
---------------
339
---------------
6 2 5 
8 6 1 
7 4 6 
---------------
340
---------------
6 2 5 
8 6 2 
7 1 6 
---------------
341
---------------
6 2 5 
8 6 2 
7 2 6 
---------------
342
---------------
6 2 5 
8 6 2 
7 3 6 
---------------
343
---------------
6 2 5 
8 6 2 
7 4 6 
---------------
344
---------------
6 2 5 
8 6 3 
7 1 6 
---------------
345
---------------
6 2 5 
8 6 3 
7 2 6 
---------------
346
---------------
6 2 5 
8 6 3 
7 3 6 
---------------
347
---------------
6 2 5 
8 6 3 
7 4 6 
---------------
348
---------------
6 2 5 
8 6 4 
7 1 6 
---------------
349
---------------
6 2 5 
8 6 4 
7 2 6 
---------------
350
---------------
6 2 5 
8 6 4 
7 3 6 
---------------
351
---------------
6 2 5 
8 6 4 
7 4 6 
---------------
352
---------------
6 2 6 
8 5 1 
7 1 6 
---------------
353
---------------
6 2 6 
8 5 1 
7 2 6 
---------------
354
---------------
6 2 6 
8 5 1 
7 3 6 
---------------
355
---------------
6 2 6 
8 5 1 
7 4 6 
---------------
356
---------------
6 2 6 
8 5 2 
7 1 6 
---------------
357
---------------
6 2 6 
8 5 2 
7 2 6 
---------------
358
---------------
6 2 6 
8 5 2 
7 3 6 
---------------
359
---------------
6 2 6 
8 5 2 
7 4 6 
---------------
360
---------------
6 2 6 
8 5 3 
7 1 6 
---------------
361
---------------
6 2 6 
8 5 3 
7 2 6 
---------------
362
---------------
6 2 6 
8 5 3 
7 3 6 
---------------
363
---------------
6 2 6 
8 5 3 
7 4 6 
---------------
364
---------------
6 2 6 
8 5 4 
7 1 6 
---------------
365
---------------
6 2 6 
8 5 4 
7 2 6 
---------------
366
---------------
6 2 6 
8 5 4 
7 3 6 
---------------
367
---------------
6 2 6 
8 5 4 
7 4 6 
---------------
368
---------------
6 2 6 
8 6 1 
7 1 6 
---------------
369
---------------
6 2 6 
8 6 1 
7 2 6 
---------------
370
---------------
6 2 6 
8 6 1 
7 3 6 
---------------
371
---------------
6 2 6 
8 6 1 
7 4 6 
---------------
372
---------------
6 2 6 
8 6 2 
7 1 6 
---------------
373
---------------
6 2 6 
8 6 2 
7 2 6 
---------------
374
---------------
6 2 6 
8 6 2 
7 3 6 
---------------
375
---------------
6 2 6 
8 6 2 
7 4 6 
---------------
376
---------------
6 2 6 
8 6 3 
7 1 6 
---------------
377
---------------
6 2 6 
8 6 3 
7 2 6 
---------------
378
---------------
6 2 6 
8 6 3 
7 3 6 
---------------
379
---------------
6 2 6 
8 6 3 
7 4 6 
---------------
380
---------------
6 2 6 
8 6 4 
7 1 6 
---------------
381
---------------
6 2 6 
8 6 4 
7 2 6 
---------------
382
---------------
6 2 6 
8 6 4 
7 3 6 
---------------
383
---------------
6 2 6 
8 6 4 
7 4 6 
---------------
384
---------------
6 3 5 
8 5 1 
7 1 6 
---------------
385
---------------
6 3 5 
8 5 1 
7 2 6 
---------------
386
---------------
6 3 5 
8 5 1 
7 3 6 
---------------
387
---------------
6 3 5 
8 5 1 
7 4 6 
---------------
388
---------------
6 3 5 
8 5 2 
7 1 6 
---------------
389
---------------
6 3 5 
8 5 2 
7 2 6 
---------------
390
---------------
6 3 5 
8 5 2 
7 3 6 
---------------
391
---------------
6 3 5 
8 5 2 
7 4 6 
---------------
392
---------------
6 3 5 
8 5 3 
7 1 6 
---------------
393
---------------
6 3 5 
8 5 3 
7 2 6 
---------------
394
---------------
6 3 5 
8 5 3 
7 3 6 
---------------
395
---------------
6 3 5 
8 5 3 
7 4 6 
---------------
396
---------------
6 3 5 
8 5 4 
7 1 6 
---------------
397
---------------
6 3 5 
8 5 4 
7 2 6 
---------------
398
---------------
6 3 5 
8 5 4 
7 3 6 
---------------
399
---------------
6 3 5 
8 5 4 
7 4 6 
---------------
400
---------------
6 3 5 
8 6 1 
7 1 6 
---------------
401
---------------
6 3 5 
8 6 1 
7 2 6 
---------------
402
---------------
6 3 5 
8 6 1 
7 3 6 
---------------
403
---------------
6 3 5 
8 6 1 
7 4 6 
---------------
404
---------------
6 3 5 
8 6 2 
7 1 6 
---------------
405
---------------
6 3 5 
8 6 2 
7 2 6 
---------------
406
---------------
6 3 5 
8 6 2 
7 3 6 
---------------
407
---------------
6 3 5 
8 6 2 
7 4 6 
---------------
408
---------------
6 3 5 
8 6 3 
7 1 6 
---------------
409
---------------
6 3 5 
8 6 3 
7 2 6 
---------------
410
---------------
6 3 5 
8 6 3 
7 3 6 
---------------
411
---------------
6 3 5 
8 6 3 
7 4 6 
---------------
412
---------------
6 3 5 
8 6 4 
7 1 6 
---------------
413
---------------
6 3 5 
8 6 4 
7 2 6 
---------------
414
---------------
6 3 5 
8 6 4 
7 3 6 
---------------
415
---------------
6 3 5 
8 6 4 
7 4 6 
---------------
416
---------------
6 3 6 
8 5 1 
7 1 6 
---------------
417
---------------
6 3 6 
8 5 1 
7 2 6 
---------------
418
---------------
6 3 6 
8 5 1 
7 3 6 
---------------
419
---------------
6 3 6 
8 5 1 
7 4 6 
---------------
420
---------------
6 3 6 
8 5 2 
7 1 6 
---------------
421
---------------
6 3 6 
8 5 2 
7 2 6 
---------------
422
---------------
6 3 6 
8 5 2 
7 3 6 
---------------
423
---------------
6 3 6 
8 5 2 
7 4 6 
---------------
424
---------------
6 3 6 
8 5 3 
7 1 6 
---------------
425
---------------
6 3 6 
8 5 3 
7 2 6 
---------------
426
---------------
6 3 6 
8 5 3 
7 3 6 
---------------
427
---------------
6 3 6 
8 5 3 
7 4 6 
---------------
428
---------------
6 3 6 
8 5 4 
7 1 6 
---------------
429
---------------
6 3 6 
8 5 4 
7 2 6 
---------------
430
---------------
6 3 6 
8 5 4 
7 3 6 
---------------
431
---------------
6 3 6 
8 5 4 
7 4 6 
---------------
432
---------------
6 3 6 
8 6 1 
7 1 6 
---------------
433
---------------
6 3 6 
8 6 1 
7 2 6 
---------------
434
---------------
6 3 6 
8 6 1 
7 3 6 
---------------
435
---------------
6 3 6 
8 6 1 
7 4 6 
---------------
436
---------------
6 3 6 
8 6 2 
7 1 6 
---------------
437
---------------
6 3 6 
8 6 2 
7 2 6 
---------------
438
---------------
6 3 6 
8 6 2 
7 3 6 
---------------
439
---------------
6 3 6 
8 6 2 
7 4 6 
---------------
440
---------------
6 3 6 
8 6 3 
7 1 6 
---------------
441
---------------
6 3 6 
8 6 3 
7 2 6 
---------------
442
---------------
6 3 6 
8 6 3 
7 3 6 
---------------
443
---------------
6 3 6 
8 6 3 
7 4 6 
---------------
444
---------------
6 3 6 
8 6 4 
7 1 6 
---------------
445
---------------
6 3 6 
8 6 4 
7 2 6 
---------------
446
---------------
6 3 6 
8 6 4 
7 3 6 
---------------
447
---------------
6 3 6 
8 6 4 
7 4 6 
---------------
448
---------------
6 4 5 
8 5 1 
7 1 6 
---------------
449
---------------
6 4 5 
8 5 1 
7 2 6 
---------------
450
---------------
6 4 5 
8 5 1 
7 3 6 
---------------
451
---------------
6 4 5 
8 5 1 
7 4 6 
---------------
452
---------------
6 4 5 
8 5 2 
7 1 6 
---------------
453
---------------
6 4 5 
8 5 2 
7 2 6 
---------------
454
---------------
6 4 5 
8 5 2 
7 3 6 
---------------
455
---------------
6 4 5 
8 5 2 
7 4 6 
---------------
456
---------------
6 4 5 
8 5 3 
7 1 6 
---------------
457
---------------
6 4 5 
8 5 3 
7 2 6 
---------------
458
---------------
6 4 5 
8 5 3 
7 3 6 
---------------
459
---------------
6 4 5 
8 5 3 
7 4 6 
---------------
460
---------------
6 4 5 
8 5 4 
7 1 6 
---------------
461
---------------
6 4 5 
8 5 4 
7 2 6 
---------------
462
---------------
6 4 5 
8 5 4 
7 3 6 
---------------
463
---------------
6 4 5 
8 5 4 
7 4 6 
---------------
464
---------------
6 4 5 
8 6 1 
7 1 6 
---------------
465
---------------
6 4 5 
8 6 1 
7 2 6 
---------------
466
---------------
6 4 5 
8 6 1 
7 3 6 
---------------
467
---------------
6 4 5 
8 6 1 
7 4 6 
---------------
468
---------------
6 4 5 
8 6 2 
7 1 6 
---------------
469
---------------
6 4 5 
8 6 2 
7 2 6 
---------------
470
---------------
6 4 5 
8 6 2 
7 3 6 
---------------
471
---------------
6 4 5 
8 6 2 
7 4 6 
---------------
472
---------------
6 4 5 
8 6 3 
7 1 6 
---------------
473
---------------
6 4 5 
8 6 3 
7 2 6 
---------------
474
---------------
6 4 5 
8 6 3 
7 3 6 
---------------
475
---------------
6 4 5 
8 6 3 
7 4 6 
---------------
476
---------------
6 4 5 
8 6 4 
7 1 6 
---------------
477
---------------
6 4 5 
8 6 4 
7 2 6 
---------------
478
---------------
6 4 5 
8 6 4 
7 3 6 
---------------
479
---------------
6 4 5 
8 6 4 
7 4 6 
---------------
480
---------------
6 4 6 
8 5 1 
7 1 6 
---------------
481
---------------
6 4 6 
8 5 1 
7 2 6 
---------------
482
---------------
6 4 6 
8 5 1 
7 3 6 
---------------
483
---------------
6 4 6 
8 5 1 
7 4 6 
---------------
484
---------------
6 4 6 
8 5 2 
7 1 6 
---------------
485
---------------
6 4 6 
8 5 2 
7 2 6 
---------------
486
---------------
6 4 6 
8 5 2 
7 3 6 
---------------
487
---------------
6 4 6 
8 5 2 
7 4 6 
---------------
488
---------------
6 4 6 
8 5 3 
7 1 6 
---------------
489
---------------
6 4 6 
8 5 3 
7 2 6 
---------------
490
---------------
6 4 6 
8 5 3 
7 3 6 
---------------
491
---------------
6 4 6 
8 5 3 
7 4 6 
---------------
492
---------------
6 4 6 
8 5 4 
7 1 6 
---------------
493
---------------
6 4 6 
8 5 4 
7 2 6 
---------------
494
---------------
6 4 6 
8 5 4 
7 3 6 
---------------
495
---------------
6 4 6 
8 5 4 
7 4 6 
---------------
496
---------------
6 4 6 
8 6 1 
7 1 6 
---------------
497
---------------
6 4 6 
8 6 1 
7 2 6 
---------------
498
---------------
6 4 6 
8 6 1 
7 3 6 
---------------
499
---------------
6 4 6 
8 6 1 
7 4 6 
---------------
500
---------------
6 4 6 
8 6 2 
7 1 6 
---------------
501
---------------
6 4 6 
8 6 2 
7 2 6 
---------------
502
---------------
6 4 6 
8 6 2 
7 3 6 
---------------
503
---------------
6 4 6 
8 6 2 
7 4 6 
---------------
504
---------------
6 4 6 
8 6 3 
7 1 6 
---------------
505
---------------
6 4 6 
8 6 3 
7 2 6 
---------------
506
---------------
6 4 6 
8 6 3 
7 3 6 
---------------
507
---------------
6 4 6 
8 6 3 
7 4 6 
---------------
508
---------------
6 4 6 
8 6 4 
7 1 6 
---------------
509
---------------
6 4 6 
8 6 4 
7 2 6 
---------------
510
---------------
6 4 6 
8 6 4 
7 3 6 
---------------
511
---------------
6 4 6 
8 6 4 
7 4 6 
---------------
512
